1
2
3
4
5
2
6
5
4
7
8
5
4
5
2
1
2
3
2
1
4
5
8
4
7
4
5
6
9
8
5
4
1
2
5
3
6
5
8
9
5
4
111
54
5
52
5
4
4554646
654
64
64
4
5
48
75
48
54
78
4
1
45
96
56
5
56
8
5
45
51
245
748
45
124
54
21
45
12
451
21
45
1
5
122
45
24
54
5
45
8
45
45
12
45
45
12
45
12
45
56
8
65
4578
45
12
45
12
45
4
1
4
5
46
56
8
45
8
45
87
45
565
4554
45
45
45
45
45
45
45
45
4
54
87
4
78
45
78
45
78
457845
78
78
7
9
887
78
78
78
45
487
45
784
5
45
45
45
45
45
45
45
12
0
21
458
8
98
45
78
45
87
45
78
45
78
45
78
45
78
45
87
45
45
45
45
45
45
457
8
87
8
94
4
78
51
4
45
7
45
12
1
2
3
4
5
2
6
5
4
7
8
5
4
5
2
1
2
3
2
1
4
5
8
4
7
4
5
6
9
8
5
4
1
2
5
3
6
5
8
9
5
4
111
54
5
52
5
4
4554646
654
64
64
4
5
48
75
48
54
78
4
1
45
96
56
5
56
8
5
45
51
245
748
45
124
54
21
45
12
451
21
45
1
5
122
45
24
54
5
45
8
45
45
12
45
45
12
45
12
45
56
8
65
4578
45
12
45
12
45
4
1
4
5
46
56
8
45
8
45
87
45
565
4554
45
45
45
45
45
45
45
45
4
54
87
4
78
45
78
45
78
457845
78
78
7
9
887
78
78
78
45
487
45
784
5
45
45
45
45
45
45
45
12
0
21
458
8
98
45
78
45
87
45
78
45
78
45
78
45
78
45
87
45
45
45
45
45
45
457
8
87
8
94
4
78
51
4
45
7
45
12
1
2
3
4
5
2
6
5
4
7
8
5
4
5
2
1
2
3
2
1
4
5
8
4
7
4
5
6
9
8
5
4
1
2
5
3
6
5
8
9
5
4
111
54
5
52
5
4
4554646
654
64
64
4
5
48
75
48
54
78
4
1
45
96
56
5
56
8
5
45
51
245
748
45
124
54
21
45
12
451
21
45
1
5
122
45
24
54
5
45
8
45
45
12
45
45
12
45
12
45
56
8
65
4578
45
12
45
12
45
4
1
4
5
46
56
8
45
8
45
87
45
565
4554
45
45
45
45
45
45
45
45
4
54
87
4
78
45
78
45
78
457845
78
78
7
9
887
78
78
78
45
487
45
784
5
45
45
45
45
45
45
45
12
0
21
458
8
98
45
78
45
87
45
78
45
78
45
78
45
78
45
87
45
45
45
45
45
45
457
8
87
8
94
4
78
51
4
45
7
45
12
1
2
3
4
5
2
6
5
4
7
8
5
4
5
2
1
2
3
2
1
4
5
8
4
7
4
5
6
9
8
5
4
1
2
5
3
6
5
8
9
5
4
111
54
5
52
5
4
4554646
654
64
64
4
5
48
75
48
54
78
4
1
45
96
56
5
56
8
5
45
51
245
748
45
124
54
21
45
12
451
21
45
1
5
122
45
24
54
5
45
8
45
45
12
45
45
12
45
12
45
56
8
65
4578
45
12
45
12
45
4
1
4
5
46
56
8
45
8
45
87
45
565
4554
45
45
45
45
45
45
45
45
4
54
87
4
78
45
78
45
78
457845
78
78
7
9
887
78
78
78
45
487
45
784
5
45
45
45
45
45
45
45
12
0
21
458
8
98
45
78
45
87
45
78
45
78
45
78
45
78
45
87
45
45
45
45
45
45
457
8
87
8
94
4
78
51
4
45
7
45
12
1
2
3
4
5
2
6
5
4
7
8
5
4
5
2
1
2
3
2
1
4
5
8
4
7
4
5
6
9
8
5
4
1
2
5
3
6
5
8
9
5
4
111
54
5
52
5
4
4554646
654
64
64
4
5
48
75
48
54
78
4
1
45
96
56
5
56
8
5
45
51
245
748
45
124
54
21
45
12
451
21
45
1
5
122
45
24
54
5
45
8
45
45
12
45
45
12
45
12
45
56
8
65
4578
45
12
45
12
45
4
1
4
5
46
56
8
45
8
45
87
45
565
4554
45
45
45
45
45
45
45
45
4
54
87
4
78
45
78
45
78
457845
78
78
7
9
887
78
78
78
45
487
45
784
5
45
45
45
45
45
45
45
12
0
21
458
8
98
45
78
45
87
45
78
45
78
45
78
45
78
45
87
45
45
45
45
45
45
457
8
87
8
94
4
78
51
4
45
7
45
12
20
2
5
14
75
